0.1 1.9931
0.2 1.9815
0.3 1.9685
0.4 1.9550
0.5 1.9412
0.6 1.9272
0.7 1.9131
0.8 1.8987
0.9 1.8842
1.0 1.8695
1.1 1.8545
1.2 1.8394
1.3 1.8240
1.4 1.8084
1.5 1.7926
1.6 1.7765
1.7 1.7601
1.8 1.7435
1.9 1.7265
2.0 1.7093
2.1 1.6916
2.2 1.6737
2.3 1.6553
2.4 1.6366
2.5 1.6174
2.6 1.5977
2.7 1.5775
2.8 1.5568
2.9 1.5354
3.0 1.5134
3.1 1.4907
3.2 1.4672
3.3 1.4428
3.4 1.4174
3.5 1.3910
3.6 1.3632
3.7 1.3341
3.8 1.3032
3.9 1.2704
4.0 1.2353
4.1 1.1974
4.2 1.1561
4.3 1.1105
4.4 1.0593
4.5 1.0008
4.6 0.9323
4.7 0.8492
4.8 0.7444
4.9 0.6045
5.0 0.4047
5.1 0.0955
5.2 -0.4078
5.3 -1.1292
5.4 -1.7333
5.5 -1.9681
5.6 -2.0154
5.7 -2.0181
5.8 -2.0093
5.9 -1.9973
6.0 -1.9842
6.1 -1.9708
6.2 -1.9572
6.3 -1.9434
6.4 -1.9295
6.5 -1.9154
6.6 -1.9010
6.7 -1.8865
6.8 -1.8719
6.9 -1.8570
7.0 -1.8419
7.1 -1.8265
7.2 -1.8110
7.3 -1.7952
7.4 -1.7791
7.5 -1.7628
7.6 -1.7462
7.7 -1.7293
7.8 -1.7121
7.9 -1.6945
8.0 -1.6766
8.1 -1.6583
8.2 -1.6396
8.3 -1.6205
8.4 -1.6009
8.5 -1.5808
8.6 -1.5601
8.7 -1.5389
8.8 -1.5170
8.9 -1.4944
9.0 -1.4711
9.1 -1.4468
9.2 -1.4216
9.3 -1.3953
9.4 -1.3678
9.5 -1.3389
9.6 -1.3083
9.7 -1.2759
9.8 -1.2412
9.9 -1.2038
10.0 -1.1631
10.1 -1.1182
10.2 -1.0681
10.3 -1.0109
10.4 -0.9442
10.5 -0.8639
10.6 -0.7633
10.7 -0.6304
10.8 -0.4427
10.9 -0.1561
11.0 0.3094
11.1 1.0071
11.2 1.6602
11.3 1.9501
11.4 2.0125
11.5 2.0190
11.6 2.0112
11.7 1.9994
11.8 1.9865
11.9 1.9732
12.0 1.9596
12.1 1.9458
12.2 1.9319
12.3 1.9178
12.4 1.9035
12.5 1.8891
12.6 1.8744
12.7 1.8595
12.8 1.8445
12.9 1.8292
13.0 1.8137
13.1 1.7979
13.2 1.7819
13.3 1.7656
13.4 1.7491
13.5 1.7322
13.6 1.7151
13.7 1.6976
13.8 1.6797
13.9 1.6615
14.0 1.6429
14.1 1.6238
14.2 1.6043
14.3 1.5843
14.4 1.5638
14.5 1.5426
14.6 1.5209
14.7 1.4984
14.8 1.4752
14.9 1.4511
15.0 1.4260
15.1 1.4000
15.2 1.3727
15.3 1.3440
15.4 1.3137
15.5 1.2816
15.6 1.2474
15.7 1.2105
15.8 1.1704
15.9 1.1263
16.0 1.0772
16.1 1.0214
16.2 0.9565
16.3 0.8790
16.4 0.7825
16.5 0.6564
16.6 0.4806
16.7 0.2157
16.8 -0.2120
16.9 -0.8759
17.0 -1.5708
17.1 -1.9248
17.2 -2.0081
17.3 -2.0195
17.4 -2.0131
17.5 -2.0017
17.6 -1.9889
17.7 -1.9756
17.8 -1.9621
17.9 -1.9484
18.0 -1.9345
18.1 -1.9204
18.2 -1.9062
18.3 -1.8917
18.4 -1.8771
18.5 -1.8623
18.6 -1.8473
18.7 -1.8320
18.8 -1.8165
18.9 -1.8008
19.0 -1.7849
19.1 -1.7686
19.2 -1.7521
19.3 -1.7353
19.4 -1.7182
19.5 -1.7008
19.6 -1.6830
19.7 -1.6649
19.8 -1.6463
19.9 -1.6273
20.0 -1.6079
20.1 -1.5880
20.2 -1.5676
20.3 -1.5465
20.4 -1.5249
20.5 -1.5025
20.6 -1.4795
20.7 -1.4555
20.8 -1.4307
20.9 -1.4048
21.0 -1.3777
21.1 -1.3493
21.2 -1.3194
21.3 -1.2877
21.4 -1.2538
21.5 -1.2174
21.6 -1.1780
21.7 -1.1347
21.8 -1.0866
21.9 -1.0322
22.0 -0.9692
22.1 -0.8943
22.2 -0.8020
22.3 -0.6824
22.4 -0.5178
22.5 -0.2735
22.6 0.1172
22.7 0.7393
22.8 1.4636
22.9 1.8886
23.0 2.0012
23.1 2.0194
23.2 2.0148
23.3 2.0039
23.4 1.9913
23.5 1.9781
23.6 1.9646
23.7 1.9509
23.8 1.9370
23.9 1.9229
24.0 1.9087
24.1 1.8943
24.2 1.8798
24.3 1.8650
24.4 1.8500
24.5 1.8348
24.6 1.8193
24.7 1.8037
24.8 1.7878
24.9 1.7716
25.0 1.7551
25.1 1.7384
25.2 1.7213
25.3 1.7040
25.4 1.6863
25.5 1.6682
25.6 1.6497
25.7 1.6308
25.8 1.6115
25.9 1.5916
26.0 1.5713
26.1 1.5504
26.2 1.5288
26.3 1.5066
26.4 1.4837
26.5 1.4599
26.6 1.4352
26.7 1.4096
26.8 1.3827
26.9 1.3546
27.0 1.3249
27.1 1.2935
27.2 1.2601
27.3 1.2242
27.4 1.1853
27.5 1.1428
27.6 1.0957
27.7 1.0425
27.8 0.9813
27.9 0.9089
28.0 0.8203
28.1 0.7066
28.2 0.5521
28.3 0.3259
28.4 -0.0317
28.5 -0.6095
28.6 -1.3462
28.7 -1.8414
28.8 -1.9916
28.9 -2.0185
29.0 -2.0161
29.1 -2.0059
29.2 -1.9935
29.3 -1.9803
29.4 -1.9668
29.5 -1.9532
29.6 -1.9393
29.7 -1.9253
29.8 -1.9111
29.9 -1.8968
30.0 -1.8822
30.1 -1.8675
30.2 -1.8525
30.3 -1.8373
30.4 -1.8219
30.5 -1.8063
30.6 -1.7904
30.7 -1.7743
30.8 -1.7579
30.9 -1.7412
31.0 -1.7242
31.1 -1.7069
31.2 -1.6892
31.3 -1.6712
31.4 -1.6528
31.5 -1.6340
31.6 -1.6147
31.7 -1.5950
31.8 -1.5747
31.9 -1.5539
32.0 -1.5325
32.1 -1.5104
32.2 -1.4876
32.3 -1.4640
32.4 -1.4395
32.5 -1.4139
32.6 -1.3873
32.7 -1.3594
32.8 -1.3300
32.9 -1.2989
33.0 -1.2658
33.1 -1.2304
33.2 -1.1921
33.3 -1.1503
33.4 -1.1040
33.5 -1.0519
33.6 -0.9923
33.7 -0.9220
33.8 -0.8366
33.9 -0.7280
34.0 -0.5819
34.1 -0.3709
34.2 -0.0412
34.3 0.4949
34.4 1.2283
34.5 1.7860
34.6 1.9799
34.7 2.0171
34.8 2.0172
34.9 2.0077
35.0 1.9955
35.1 1.9824
35.2 1.9690
35.3 1.9554
35.4 1.9415
35.5 1.9276
35.6 1.9134
35.7 1.8991
35.8 1.8845
35.9 1.8698
36.0 1.8549
36.1 1.8398
36.2 1.8244
36.3 1.8088
36.4 1.7930
36.5 1.7769
36.6 1.7605
36.7 1.7439
36.8 1.7270
36.9 1.7097
37.0 1.6921
37.1 1.6741
37.2 1.6558
37.3 1.6370
37.4 1.6178
37.5 1.5982
37.6 1.5780
37.7 1.5573
37.8 1.5360
37.9 1.5140
38.0 1.4913
38.1 1.4678
38.2 1.4434
38.3 1.4181
38.4 1.3916
38.5 1.3639
38.6 1.3348
38.7 1.3040
38.8 1.2713
38.9 1.2362
39.0 1.1984
39.1 1.1572
39.2 1.1117
39.3 1.0607
39.4 1.0024
39.5 0.9341
39.6 0.8515
39.7 0.7473
39.8 0.6086
39.9 0.4107
40.0 0.1052
40.1 -0.3922
40.2 -1.1105
40.3 -1.7227
40.4 -1.9656
40.5 -2.0150
40.6 -2.0182
40.7 -2.0096
40.8 -1.9976
40.9 -1.9846
41.0 -1.9712
41.1 -1.9576
41.2 -1.9438
41.3 -1.9299
41.4 -1.9157
41.5 -1.9014
41.6 -1.8869
41.7 -1.8722
41.8 -1.8574
41.9 -1.8423
42.0 -1.8269
42.1 -1.8114
42.2 -1.7956
42.3 -1.7796
42.4 -1.7632
42.5 -1.7466
42.6 -1.7297
42.7 -1.7125
42.8 -1.6950
42.9 -1.6771
43.0 -1.6588
43.1 -1.6401
43.2 -1.6210
43.3 -1.6014
43.4 -1.5813
43.5 -1.5607
43.6 -1.5395
43.7 -1.5176
43.8 -1.4950
43.9 -1.4717
44.0 -1.4475
44.1 -1.4223
44.2 -1.3960
44.3 -1.3685
44.4 -1.3397
44.5 -1.3092
44.6 -1.2768
44.7 -1.2421
44.8 -1.2048
44.9 -1.1642
45.0 -1.1195
45.1 -1.0695
45.2 -1.0125
45.3 -0.9461
45.4 -0.8662
45.5 -0.7663
45.6 -0.6344
45.7 -0.4487
45.8 -0.1655
45.9 0.2941
46.0 0.9871
46.1 1.6474
46.2 1.9467
46.3 2.0120
46.4 2.0191
46.5 2.0115
46.6 1.9998
46.7 1.9869
46.8 1.9736
46.9 1.9600
47.0 1.9462
47.1 1.9323
47.2 1.9182
47.3 1.9039
47.4 1.8895
47.5 1.8748
47.6 1.8600
47.7 1.8449
47.8 1.8296
47.9 1.8141
48.0 1.7984
48.1 1.7824
48.2 1.7661
48.3 1.7496
48.4 1.7327
48.5 1.7156
48.6 1.6981
48.7 1.6802
48.8 1.6620
48.9 1.6434
49.0 1.6244
49.1 1.6049
49.2 1.5849
49.3 1.5643
49.4 1.5432
49.5 1.5215
49.6 1.4990
49.7 1.4758
49.8 1.4518
49.9 1.4268
50.0 1.4007
